coarse number
20
number of 3 aggregates
9,11,0
vertex-1-
  -19.006956,    8.668519
  -16.674201,   14.012107
   -8.192892,   -1.052188
  -14.633770,    2.413579
   -1.460305,    4.823363
   -4.145739,    2.994966
   -1.869666,   10.643376
   -8.623257,   14.242714
vertex-2-
    5.500000,   37.500000
    2.333874,   34.640993
    1.456074,   28.721747
   12.804793,   32.452686
    9.534542,   37.041216
   11.618486,   19.899890
   14.222184,   25.361935
    4.945958,   19.768068
vertex-3-
   16.000000,   -6.000000
    6.954145,   -2.621854
   11.083688,   -5.925489
   19.342775,   -2.621854
    6.195005,    9.545078
   13.032491,   11.488623
   18.663027,    3.727787
    4.360290,    1.198142
vertex-4-
   28.579559,   -5.282178
   25.000000,   -5.500000
   21.885371,   -2.771858
   34.436973,    3.085557
   33.600200,   -2.771858
   17.478031,   11.553001
   18.663027,    3.727787
   31.089879,   10.616518
   34.000000,    7.500000
   28.931650,   12.731412
vertex-5-
  -15.054106,   25.550192
  -21.123307,   21.665961
  -28.500000,   37.500000
  -30.725620,   29.305556
  -29.373814,   32.476052
  -27.079067,   23.528886
  -20.411340,   40.623756
  -25.299962,   39.808985
  -15.914979,   33.348331
vertex-6-
  -22.538288,   14.361375
  -19.006956,    8.668519
  -33.838304,   14.531291
  -36.374925,    8.612507
  -37.000000,    4.500000
  -29.610601,   -2.379520
  -34.683844,    1.002642
  -26.000000,   -3.000000
  -22.846276,   -0.688439
  -20.265883,    1.819760
  -29.178804,   15.286404
vertex-7-
   27.066446,   18.191657
   29.980796,   21.854135
   24.766277,   27.265549
   14.222184,   25.361935
   16.240964,   17.010690
   18.701779,   29.198454
   21.794068,   15.775809
vertex-8-
  -15.054106,   25.550192
  -16.370593,   18.732315
  -11.082547,   30.106235
   -4.046426,   25.980185
    0.193058,   21.841006
   -1.599388,   16.310265
   -8.623257,   14.242714
vertex-9-
   31.377418,   24.089313
   35.487215,   29.021069
   27.267621,   41.350460
   31.000000,   41.500000
   24.766277,   27.265549
   21.550770,   34.488280
   35.487215,   33.952825
   33.843296,   38.884582
   22.335865,   39.706541
vertex-10-
   -7.099864,   31.632875
   -8.829538,   35.000000
   -1.404798,   39.952488
   -5.649788,   39.244990
   -3.260356,   31.541388
   -8.019178,   39.174536
   -0.697300,   35.707498
vertex-11-
    1.961065,    5.449996
    6.195005,    9.545078
   -1.599388,   16.310265
   -1.869666,   10.643376
    9.147867,   14.083235
    4.945958,   19.768068
vertex-12-
   11.650633,   38.032970
   15.441845,   41.065939
   12.804793,   32.452686
   21.550770,   34.488280
   18.701779,   29.198454
   19.991300,   39.549455
vertex-13-
  -22.538288,   14.361375
  -21.123307,   21.665961
  -16.674201,   14.012107
  -16.370593,   18.732315
  -24.823703,   18.403599
vertex-14-
    1.961065,    5.449996
   -1.634333,    1.353007
    4.360290,    1.198142
   -2.500000,   -2.500000
   -0.957830,   -4.735524
    4.454197,   -2.706014
    2.000000,   -5.500000
vertex-15-
   11.618486,   19.899890
   13.032491,   11.488623
   17.478031,   11.553001
   16.240964,   17.010690
    9.147867,   14.083235
vertex-16-
  -35.500000,   21.000000
  -27.079067,   23.528886
  -34.353719,   24.226218
  -33.628099,   16.970020
  -24.823703,   18.403599
  -29.178804,   15.286404
vertex-17-
   35.487609,   13.461686
   31.371902,   20.321196
   27.066446,   18.191657
   35.487609,   19.635245
   31.371902,   13.461686
   28.931650,   12.731412
vertex-18-
  -14.633770,    2.413579
  -20.265883,    1.819760
  -20.549396,   -1.361518
  -15.784084,   -3.403794
  -18.500000,   -3.500000
vertex-19-
   -8.829538,   35.000000
  -11.082547,   30.106235
   -8.019178,   39.174536
  -13.585226,   40.566048
  -17.759761,   40.566048
  -15.914979,   33.348331
vertex-20-
    0.084091,   33.609447
   -4.046426,   25.980185
    1.456074,   28.721747
   -3.260356,   31.541388
    0.193058,   21.841006
