coarse number
89
number of 3 aggregates
35,27,27
vertex-1-
(    0.067734,    0.018952)
(    0.072575,    0.020565)
(    0.063999,    0.006784)
(    0.068179,    0.003043)
(    0.063786,    0.013736)
(    0.076609,    0.014111)
(    0.077569,    0.010081)
(    0.073319,    0.004117)
vertex-2-
(    0.049575,    0.001004)
(    0.063999,    0.006784)
(    0.047888,    0.004247)
(    0.048623,    0.007534)
(    0.062579,   -0.002926)
(    0.064441,    0.000876)
(    0.056458,    0.010248)
(    0.057396,   -0.006142)
(    0.050133,   -0.002660)
vertex-3-
(   -0.083000,   -0.019500)
(   -0.082359,   -0.011187)
(   -0.070181,   -0.013403)
(   -0.075250,   -0.008462)
(   -0.069770,   -0.020463)
(   -0.075500,   -0.024500)
(   -0.079533,   -0.023551)
(   -0.072032,   -0.022717)
(   -0.084533,   -0.014383)
vertex-4-
(   -0.034597,   -0.012272)
(   -0.030548,    0.000798)
(   -0.036398,   -0.006088)
(   -0.027477,    0.001610)
(   -0.021018,   -0.010022)
(   -0.021309,   -0.004407)
(   -0.027540,   -0.015810)
(   -0.023335,   -0.013849)
vertex-5-
(   -0.090421,   -0.013389)
(   -0.082359,   -0.011187)
(   -0.087349,   -0.000632)
(   -0.079839,   -0.005656)
(   -0.094626,   -0.008188)
(   -0.092573,   -0.001098)
(   -0.093884,   -0.011582)
(   -0.086773,   -0.012572)
vertex-6-
(   -0.037364,    0.002551)
(   -0.046175,    0.009083)
(   -0.043159,    0.003874)
(   -0.032344,    0.004174)
(   -0.032058,    0.010590)
(   -0.039704,    0.020052)
(   -0.033895,    0.016733)
(   -0.046426,    0.013343)
(   -0.043853,    0.015904)
vertex-7-
(    0.001568,   -0.014489)
(   -0.004003,   -0.004995)
(    0.002053,   -0.012089)
(   -0.011000,   -0.020000)
(   -0.012524,   -0.011976)
(   -0.012437,   -0.014489)
(   -0.012282,   -0.005920)
(   -0.001727,   -0.020256)
vertex-8-
(   -0.076729,    0.012800)
(   -0.087349,   -0.000632)
(   -0.077036,   -0.001403)
(   -0.074489,    0.004734)
(   -0.082273,    0.019025)
(   -0.089944,    0.015620)
(   -0.091123,    0.003762)
(   -0.094098,    0.011869)
(   -0.094200,    0.006970)
vertex-9-
(   -0.050688,   -0.018476)
(   -0.044857,   -0.006428)
(   -0.057478,   -0.021022)
(   -0.063687,   -0.011413)
(   -0.061723,   -0.015081)
(   -0.054563,   -0.000313)
(   -0.061254,   -0.003450)
(   -0.062869,   -0.007188)
(   -0.046699,   -0.013189)
vertex-10-
(   -0.053000,    0.024000)
(   -0.063621,    0.016674)
(   -0.059122,    0.023675)
(   -0.046426,    0.013343)
(   -0.060911,    0.009051)
(   -0.054564,    0.007396)
(   -0.049476,    0.010284)
(   -0.046540,    0.016965)
(   -0.047379,    0.021998)
vertex-11-
(    0.076400,   -0.022475)
(    0.082113,   -0.023291)
(    0.071500,   -0.021000)
(    0.087076,   -0.014538)
(    0.084528,   -0.009400)
(    0.076901,   -0.008483)
(    0.086194,   -0.020027)
(    0.069956,   -0.012713)
(    0.069055,   -0.017578)
vertex-12-
(    0.085740,    0.003523)
(    0.092600,    0.007749)
(    0.079964,    0.003798)
(    0.088833,    0.014439)
(    0.077569,    0.010081)
(    0.085682,    0.017219)
(    0.082000,    0.017000)
(    0.079225,    0.013990)
vertex-13-
(   -0.004003,   -0.004995)
(   -0.003610,    0.012430)
(   -0.008454,    0.009462)
(    0.002756,    0.009134)
(    0.007279,    0.003024)
(    0.004872,   -0.007949)
(   -0.011638,   -0.000125)
(   -0.011175,    0.004747)
vertex-14-
(   -0.100833,    0.023076)
(   -0.111500,    0.019000)
(   -0.108371,    0.020563)
(   -0.112558,    0.015538)
(   -0.104500,    0.023500)
(   -0.096226,    0.012441)
(   -0.114963,    0.011752)
(   -0.097483,    0.016376)
(   -0.113236,    0.004484)
(   -0.098186,    0.008003)
(   -0.105421,    0.004612)
vertex-15-
(    0.015500,    0.022000)
(    0.000197,    0.016805)
(    0.015376,    0.010037)
(    0.002756,    0.009134)
(    0.010496,    0.006756)
(    0.006372,    0.023432)
(    0.002196,    0.020091)
(    0.015855,    0.014414)
(    0.017229,    0.018421)
(    0.011383,    0.023432)
vertex-16-
(   -0.017599,    0.023137)
(   -0.025198,    0.023137)
(   -0.011688,    0.019760)
(   -0.032058,    0.010590)
(   -0.012766,    0.011969)
(   -0.018381,    0.003526)
(   -0.029408,    0.004458)
(   -0.014998,    0.006886)
(   -0.031109,    0.017227)
vertex-17-
(    0.034615,    0.015965)
(    0.031931,    0.023448)
(    0.021963,    0.009885)
(    0.026455,    0.007992)
(    0.032469,    0.010049)
(    0.023000,    0.022000)
(    0.020496,    0.018547)
(    0.027031,    0.023448)
(    0.019800,    0.014670)
vertex-18-
(   -0.125000,    0.023000)
(   -0.120542,    0.022376)
(   -0.128994,    0.020685)
(   -0.131500,    0.011000)
(   -0.131529,    0.015614)
(   -0.126789,    0.004361)
(   -0.119677,    0.004428)
(   -0.128994,    0.007162)
(   -0.114963,    0.011752)
(   -0.117000,    0.020000)
(   -0.115471,    0.015614)
vertex-19-
(    0.037987,   -0.013802)
(    0.031425,   -0.015443)
(    0.035721,   -0.015562)
(    0.027612,   -0.002192)
(    0.028079,   -0.014281)
(    0.021612,   -0.009266)
(    0.034269,   -0.000929)
(    0.040523,   -0.007258)
vertex-20-
(    0.096522,    0.017187)
(    0.099180,    0.022728)
(    0.104000,    0.024000)
(    0.102880,    0.009556)
(    0.109105,    0.022728)
(    0.112139,    0.017241)
(    0.111738,    0.012984)
(    0.107947,    0.009791)
vertex-21-
(    0.109238,   -0.019240)
(    0.106779,   -0.014322)
(    0.107709,   -0.008836)
(    0.113147,   -0.004047)
(    0.112500,   -0.020500)
(    0.121478,   -0.007072)
(    0.116615,   -0.018420)
(    0.121015,   -0.014801)
vertex-22-
(    0.097078,   -0.015585)
(    0.107709,   -0.008836)
(    0.106121,   -0.001339)
(    0.094180,   -0.011513)
(    0.095517,    0.000656)
(    0.090954,   -0.006413)
(    0.091996,   -0.000943)
(    0.104132,   -0.013542)
vertex-23-
(   -0.096444,   -0.018910)
(   -0.099067,   -0.023355)
(   -0.096519,   -0.013347)
(   -0.104811,   -0.008841)
(   -0.096974,   -0.010738)
(   -0.110500,   -0.021500)
(   -0.102500,   -0.024500)
(   -0.112169,   -0.018442)
(   -0.112388,   -0.015773)
(   -0.106437,   -0.022537)
vertex-24-
(    0.022462,   -0.001362)
(    0.018505,    0.001459)
(    0.013037,    0.000380)
(    0.021612,   -0.009266)
(    0.011064,   -0.010545)
(    0.009953,   -0.004452)
(    0.019430,   -0.012596)
(    0.016475,   -0.013636)
vertex-25-
(   -0.098135,    0.000543)
(   -0.104811,   -0.008841)
(   -0.112828,   -0.001101)
(   -0.113325,   -0.006324)
(   -0.105421,    0.004612)
vertex-26-
(   -0.126210,   -0.017654)
(   -0.129500,   -0.014500)
(   -0.119392,   -0.004222)
(   -0.129533,   -0.005193)
(   -0.127528,   -0.003030)
(   -0.130364,   -0.010177)
(   -0.115411,   -0.017654)
(   -0.121226,   -0.019315)
(   -0.112388,   -0.015773)
(   -0.113325,   -0.006324)
vertex-27-
(    0.125620,    0.014498)
(    0.131500,    0.007000)
(    0.120722,    0.014498)
(    0.115989,    0.011028)
(    0.124624,   -0.000388)
(    0.130519,    0.003068)
(    0.129703,    0.011232)
(    0.117615,    0.005230)
vertex-28-
(    0.050847,   -0.010094)
(    0.050337,   -0.016713)
(    0.065553,   -0.017568)
(    0.064000,   -0.021000)
(    0.060569,   -0.022552)
(    0.057396,   -0.006142)
(    0.066080,   -0.012606)
(    0.063431,   -0.009539)
(    0.057000,   -0.024000)
(    0.053925,   -0.022552)
vertex-29-
(    0.040832,    0.008435)
(    0.035910,    0.009842)
(    0.034615,    0.015965)
(    0.049146,    0.016305)
(    0.047641,    0.023193)
(    0.041151,    0.023193)
(    0.045648,    0.010155)
vertex-30-
(   -0.069035,    0.009594)
(   -0.064803,   -0.005120)
(   -0.061254,   -0.003450)
(   -0.074489,    0.004734)
(   -0.071951,   -0.002792)
(   -0.067601,   -0.006158)
(   -0.058411,    0.002997)
(   -0.060911,    0.009051)
vertex-31-
(    0.106121,   -0.001339)
(    0.113147,   -0.004047)
(    0.113143,    0.009808)
(    0.104479,    0.006505)
(    0.107947,    0.009791)
(    0.117615,    0.005230)
(    0.120138,   -0.002113)
vertex-32-
(    0.070066,   -0.004498)
(    0.076901,   -0.008483)
(    0.083512,   -0.004979)
(    0.069606,   -0.000374)
(    0.073319,    0.004117)
(    0.079964,    0.003798)
(    0.082587,   -0.000647)
vertex-33-
(   -0.076729,    0.012800)
(   -0.069035,    0.009594)
(   -0.063621,    0.016674)
(   -0.078000,    0.023000)
(   -0.073483,    0.023432)
(   -0.079992,    0.020177)
(   -0.068601,    0.022618)
vertex-34-
(    0.058535,    0.023532)
(    0.063000,    0.023000)
(    0.065032,    0.020284)
(    0.063786,    0.013736)
(    0.050415,    0.023532)
(    0.054000,    0.025000)
(    0.049146,    0.016305)
(    0.056458,    0.010248)
vertex-35-
(   -0.034597,   -0.012272)
(   -0.042539,   -0.023304)
(   -0.037642,   -0.023304)
(   -0.040556,   -0.008783)
(   -0.048252,   -0.019223)
(   -0.032745,   -0.020040)
(   -0.046699,   -0.013189)
(   -0.046500,   -0.022500)
vertex-36-
(    0.094131,    0.010578)
(    0.096522,    0.017187)
(    0.088833,    0.014439)
(    0.087542,    0.018599)
(    0.096333,    0.022262)
(    0.088274,    0.022994)
(    0.092500,    0.024500)
vertex-37-
(    0.086998,   -0.003419)
(    0.084528,   -0.009400)
(    0.089424,   -0.010002)
(    0.090954,   -0.006413)
(    0.083512,   -0.004979)
vertex-38-
(   -0.070181,   -0.013403)
(   -0.070784,   -0.008375)
(   -0.063687,   -0.011413)
(   -0.064132,   -0.014825)
(   -0.065130,   -0.008295)
vertex-39-
(   -0.040556,   -0.008783)
(   -0.037364,    0.002551)
(   -0.043132,   -0.000018)
(   -0.044857,   -0.006428)
(   -0.036398,   -0.006088)
(   -0.033912,    0.000500)
vertex-40-
(    0.050847,   -0.010094)
(    0.045483,   -0.012205)
(    0.050133,   -0.002660)
(    0.047532,   -0.001044)
(    0.039153,   -0.001002)
(    0.043912,    0.001277)
(    0.040523,   -0.007258)
vertex-41-
(   -0.018381,    0.003526)
(   -0.021309,   -0.004407)
(   -0.012282,   -0.005920)
(   -0.011638,   -0.000125)
(   -0.014582,    0.003056)
(   -0.018824,   -0.008183)
vertex-42-
(    0.062579,   -0.002926)
(    0.070066,   -0.004498)
(    0.066822,   -0.002139)
(    0.069589,   -0.009739)
(    0.067366,   -0.010270)
(    0.063431,   -0.009539)
vertex-43-
(    0.018866,   -0.015106)
(    0.012710,   -0.017842)
(    0.017498,   -0.020578)
(    0.013394,   -0.021946)
(    0.012504,   -0.015223)
(    0.020524,   -0.017500)
(    0.016475,   -0.013636)
vertex-44-
(   -0.054563,   -0.000313)
(   -0.050559,    0.006770)
(   -0.058411,    0.002997)
(   -0.049941,    0.003739)
(   -0.054564,    0.007396)
vertex-45-
(    0.011064,   -0.010545)
(    0.004872,   -0.007949)
(    0.007000,   -0.016500)
(    0.004613,   -0.014333)
(    0.010195,   -0.016427)
(    0.012504,   -0.015223)
vertex-46-
(    0.018505,    0.001459)
(    0.018293,    0.011759)
(    0.021963,    0.009885)
(    0.015376,    0.010037)
(    0.022779,    0.002856)
(    0.024278,    0.005711)
(    0.014812,    0.004343)
vertex-47-
(    0.131500,   -0.003000)
(    0.129246,   -0.007080)
(    0.129954,   -0.000003)
(    0.124624,   -0.000388)
(    0.121478,   -0.007072)
(    0.125000,   -0.010382)
(    0.120138,   -0.002113)
vertex-48-
(    0.095030,   -0.016396)
(    0.094180,   -0.011513)
(    0.087076,   -0.014538)
(    0.089424,   -0.010002)
(    0.092209,   -0.019275)
(    0.089115,   -0.018854)
vertex-49-
(   -0.016622,   -0.021454)
(   -0.020000,   -0.022000)
(   -0.023810,   -0.020016)
(   -0.019844,   -0.012461)
(   -0.025388,   -0.017500)
(   -0.023335,   -0.013849)
(   -0.015903,   -0.015703)
vertex-50-
(    0.013037,    0.000380)
(    0.007279,    0.003024)
(    0.010496,    0.006756)
(    0.014812,    0.004343)
vertex-51-
(    0.085740,    0.003523)
(    0.086998,   -0.003419)
(    0.091890,    0.001496)
(    0.091996,   -0.000943)
(    0.082587,   -0.000647)
vertex-52-
(    0.021504,   -0.015009)
(    0.022402,   -0.012982)
(    0.029334,   -0.017144)
(    0.028079,   -0.014281)
(    0.025063,   -0.022839)
(    0.029334,   -0.021415)
(    0.020524,   -0.017500)
(    0.020080,   -0.020703)
vertex-53-
(    0.118500,    0.019000)
(    0.118471,    0.016488)
(    0.117253,    0.014263)
(    0.112139,    0.017241)
(    0.114286,    0.014123)
(    0.116448,    0.020535)
(    0.111727,    0.021884)
vertex-54-
(    0.029676,    0.001625)
(    0.029312,    0.004530)
(    0.034310,    0.006073)
(    0.039153,   -0.001002)
(    0.040139,    0.006288)
(    0.034269,   -0.000929)
(    0.041795,    0.003958)
vertex-55-
(    0.022462,   -0.001362)
(    0.029676,    0.001625)
(    0.027612,   -0.002192)
(    0.022779,    0.002856)
(    0.025771,    0.003695)
vertex-56-
(   -0.090421,   -0.013389)
(   -0.096444,   -0.018910)
(   -0.089541,   -0.021546)
(   -0.093500,   -0.024000)
(   -0.087335,   -0.014925)
(   -0.087500,   -0.018500)
(   -0.093858,   -0.014030)
vertex-57-
(   -0.098135,    0.000543)
(   -0.092573,   -0.001098)
(   -0.091123,    0.003762)
(   -0.095638,    0.005094)
vertex-58-
(    0.050337,   -0.016713)
(    0.045483,   -0.012205)
(    0.043000,   -0.023500)
(    0.046574,   -0.023152)
(    0.040545,   -0.015616)
(    0.040545,   -0.020891)
vertex-59-
(   -0.119392,   -0.004222)
(   -0.127528,   -0.003030)
(   -0.119677,    0.004428)
(   -0.112828,   -0.001101)
(   -0.113236,    0.004484)
(   -0.113325,   -0.006324)
vertex-60-
(   -0.075250,   -0.008462)
(   -0.070784,   -0.008375)
(   -0.077036,   -0.001403)
(   -0.079839,   -0.005656)
(   -0.071951,   -0.002792)
vertex-61-
(    0.000197,    0.016805)
(   -0.000376,    0.020046)
(   -0.010113,    0.017478)
(   -0.003610,    0.012430)
(   -0.007905,    0.013887)
(   -0.002000,    0.023000)
(   -0.008377,    0.020046)
(   -0.004740,    0.022955)
vertex-62-
(    0.119028,   -0.019267)
(    0.124253,   -0.021507)
(    0.130972,   -0.021507)
(    0.128500,   -0.023000)
(    0.129479,   -0.015535)
(    0.125000,   -0.010382)
(    0.121015,   -0.014801)
(    0.120500,   -0.021500)
vertex-63-
(   -0.094098,    0.011869)
(   -0.094200,    0.006970)
(   -0.098186,    0.008003)
(   -0.098613,    0.004671)
(   -0.095638,    0.005094)
vertex-64-
(    0.037809,   -0.019976)
(    0.035721,   -0.015562)
(    0.033407,   -0.017225)
(    0.039000,   -0.018500)
(    0.037809,   -0.016124)
(    0.033407,   -0.020527)
vertex-65-
(    0.068179,    0.003043)
(    0.064441,    0.000876)
(    0.066822,   -0.002139)
(    0.069606,   -0.000374)
vertex-66-
(   -0.043159,    0.003874)
(   -0.046083,    0.000185)
(   -0.043132,   -0.000018)
(   -0.046211,    0.003137)
vertex-67-
(    0.113143,    0.009808)
(    0.114286,    0.014123)
(    0.111738,    0.012984)
(    0.115989,    0.011028)
vertex-68-
(    0.069589,   -0.009739)
(    0.067366,   -0.010270)
(    0.066080,   -0.012606)
(    0.069956,   -0.012713)
(    0.067397,   -0.015168)
vertex-69-
(   -0.032344,    0.004174)
(   -0.030548,    0.000798)
(   -0.027477,    0.001610)
(   -0.029408,    0.004458)
(   -0.033912,    0.000500)
vertex-70-
(    0.049575,    0.001004)
(    0.046990,    0.002451)
(    0.047532,   -0.001044)
(    0.043912,    0.001277)
vertex-71-
(    0.018437,    0.016846)
(    0.018293,    0.011759)
(    0.015855,    0.014414)
(    0.019800,    0.014670)
vertex-72-
(   -0.096519,   -0.013347)
(   -0.096974,   -0.010738)
(   -0.093858,   -0.014030)
(   -0.093884,   -0.011582)
vertex-73-
(   -0.019844,   -0.012461)
(   -0.021018,   -0.010022)
(   -0.016720,   -0.011179)
(   -0.018824,   -0.008183)
vertex-74-
(   -0.012026,    0.008207)
(   -0.014998,    0.006886)
(   -0.014582,    0.003056)
(   -0.011175,    0.004747)
vertex-75-
(   -0.048009,    0.006000)
(   -0.046175,    0.009083)
(   -0.050559,    0.006770)
(   -0.049476,    0.010284)
vertex-76-
(   -0.094081,    0.017211)
(   -0.092923,    0.020682)
(   -0.085980,    0.019525)
(   -0.089944,    0.015620)
(   -0.089452,    0.021261)
vertex-77-
(   -0.048009,    0.006000)
(   -0.048846,    0.001789)
(   -0.046211,    0.003137)
(   -0.049941,    0.003739)
(   -0.046197,    0.005348)
vertex-78-
(    0.092015,    0.004461)
(    0.091890,    0.001496)
(    0.094909,    0.004408)
(    0.095517,    0.000656)
(    0.098222,    0.004752)
vertex-79-
(    0.094131,    0.010578)
(    0.092600,    0.007749)
(    0.097455,    0.009227)
(    0.098958,    0.007372)
(    0.094909,    0.004408)
(    0.098222,    0.004752)
vertex-80-
(    0.046990,    0.002451)
(    0.047888,    0.004247)
(    0.046190,    0.006736)
(    0.043912,    0.001277)
(    0.041795,    0.003958)
vertex-81-
(   -0.010113,    0.017478)
(   -0.012766,    0.011969)
(   -0.012026,    0.008207)
(   -0.007905,    0.013887)
(   -0.008454,    0.009462)
vertex-82-
(    0.097078,   -0.015585)
(    0.095030,   -0.016396)
(    0.095759,   -0.020796)
(    0.098801,   -0.020289)
(    0.100830,   -0.016232)
(    0.092209,   -0.019275)
vertex-83-
(   -0.014059,   -0.013481)
(   -0.012524,   -0.011976)
(   -0.016648,   -0.012754)
(   -0.014826,   -0.009456)
(   -0.016720,   -0.011179)
vertex-84-
(    0.046190,    0.006736)
(    0.048623,    0.007534)
(    0.048779,    0.010525)
(    0.045648,    0.010155)
vertex-85-
(    0.102880,    0.009556)
(    0.098958,    0.007372)
(    0.104479,    0.006505)
(    0.101821,    0.004837)
vertex-86-
(    0.035910,    0.009842)
(    0.030046,    0.006793)
(    0.032469,    0.010049)
(    0.034310,    0.006073)
vertex-87-
(    0.030046,    0.006793)
(    0.026455,    0.007992)
(    0.029312,    0.004530)
(    0.024278,    0.005711)
(    0.025771,    0.003695)
vertex-88-
(   -0.030026,   -0.017154)
(   -0.025388,   -0.017500)
(   -0.029297,   -0.019344)
(   -0.026135,   -0.019344)
(   -0.027540,   -0.015810)
vertex-89-
(   -0.064803,   -0.005120)
(   -0.062869,   -0.007188)
(   -0.065130,   -0.008295)
(   -0.067601,   -0.006158)
